15.395
13.648
20.536
22.112
22.569
22.603
22.001
22.035
21.459
22.899
21.88
22.636
21.926
22.425
22.261
24.023
24.081
24.295
24.805
24.061
24.151
24.08
23.775
23.216
24.3
24.067
24.159
23.305
23.753
22.14
22.327
22.63
21.695
22.029
22.274
21.875
22.548
22.247
23.245
24.322
24.347
24.714
24.051
24.474
23.895
24.339
24.635
24.097
24.204
24.1
24.076
24.283
23.857
24.194
24.599
24.398
23.733
24.151
22.38
22.143
24.152
23.863
24.08
24.27
24.139
24.428
24.397
24.22
23.987
23.527
24.118
24.353
24.266
23.816
24.151
24.125
24.318
24.094
23.312
24.789
24.415
22.301
24.067
24.156
23.594
23.94
24.503
24.213
24.464
24.65
16.997
24.075
24.353
24.811
21.842
23.162
23.715
24.052
23.946
24.065
23.902
24.118
22.553
22.91
22.398
21.972
21.542
24.838
24.255
24.089
24.665
25.044
24.814
24.847
24.769
24.796
23.19
24.907
24.446
24.829
24.875
25.003
25.064
22.221
24.498
24.508
23.364
22.963
22.551
23.272
24.874
23.479
24.801
17.882
25.076
23.803
25.006
24.814
25.19
24.18
24.973
24.8
24.765
24.854
24.71
23.833
24.721
24.407
24.266
24.03
21.658
22.278
22.624
24.633
24.255
25.172
24.201
24.445
24.75
24.428
24.719
