15.596
19.123
21.073
22.439
22.064
22.4
22.168
22.082
22.726
22.17
22.519
22.325
22.588
22.186
22.428
23.623
24.511
24.299
24.417
24.374
24.258
24.096
24.218
24.334
24.406
24.295
24.4
23.882
24.177
22.51
22.153
22.38
23.144
22.217
22.212
22.5
22.823
22.153
21.628
24.367
24.793
24.516
24.336
24.436
24.37
24.361
24.442
24.473
24.469
24.615
24.626
24.678
24.558
24.564
24.744
22.414
22.821
21.919
21.709
23.909
24.395
24.673
24.635
24.692
24.759
24.587
24.554
24.547
24.424
24.195
24.282
24.639
24.191
24.182
24.807
24.544
24.566
24.559
24.36
24.742
24.609
23.896
22.33
23.363
24.511
24.458
24.132
24.225
24.276
24.4
24.238
24.413
24.392
24.646
24.618
24.528
24.823
24.495
24.271
24.323
24.168
24.47
22.677
22.547
22.579
22.377
22.501
24.679
24.375
24.546
24.594
25.018
24.784
25.036
24.938
24.93
24.831
24.887
24.919
24.929
24.748
24.867
24.959
25.205
24.998
23.178
23.512
22.479
22.923
23.223
24.901
24.895
24.729
24.781
24.738
25.053
24.763
24.858
24.656
25.059
24.64
24.84
25.049
24.67
25.107
24.955
25.035
25.016
23.354
23.45
22.84
22.864
23.219
24.793
25.027
25.008
25.127
25.136
24.7
24.677
24.981
