1.456
1.601
1.608
1.611
1.61
1.611
1.611
1.611
1.611
1.608
1.611
1.615
1.614
1.614
1.614
1.618
1.611
1.616
1.613
1.617
1.617
1.615
1.619
1.616
1.617
1.616
1.615
1.614
1.615
1.616
1.61
1.619
1.62
1.627
1.621
1.624
1.618
1.62
1.62
1.618
1.62
1.624
1.626
1.625
1.62
1.626
1.627
1.623
1.618
1.617
1.621
1.623
1.619
1.621
1.623
1.626
1.629
1.62
1.626
1.626
1.624
1.621
1.621
1.63
1.628
1.621
1.619
1.626
1.631
1.626
1.626
1.631
1.629
1.633
1.634
1.636
1.635
1.636
1.634
1.628
1.635
1.64
1.64
1.637
1.641
1.632
1.636
1.639
1.638
1.637
1.638
1.643
1.638
1.645
1.645
1.646
1.634
1.644
1.651
1.649
1.649
1.654
1.646
1.651
1.654
1.655
1.658
1.656
1.66
1.662
1.662
1.663
1.663
1.666
1.664
1.667
1.664
1.665
1.667
1.667
1.667
1.665
1.664
1.667
1.666
1.665
1.669
1.666
1.666
1.668
1.668
1.665
1.665
1.667
1.667
1.666
1.666
1.666
1.665
1.659
1.663
1.666
1.663
1.664
1.665
1.663
1.666
1.667
1.664
1.666
1.664
1.666
1.665
1.664
1.663
1.664
1.665
1.664
1.665
1.665
1.665
