3.777
3.785
3.833
4.049
4.08
4.041
4.052
3.892
4.05
4.055
3.821
4.079
3.909
4.0
4.057
4.048
4.07
4.041
3.972
4.022
4.062
4.042
4.032
4.055
4.064
4.073
4.013
4.082
4.068
3.845
3.725
3.916
4.008
4.049
3.98
4.059
4.049
4.057
4.044
4.071
4.053
3.912
3.903
4.029
4.039
3.837
4.001
4.053
4.044
4.038
3.817
4.051
4.065
4.04
3.887
4.033
4.068
4.005
4.0
4.032
4.062
4.006
4.045
4.036
4.028
3.761
3.95
4.041
4.075
3.885
4.047
4.044
4.058
4.01
3.938
3.928
4.069
3.879
4.041
4.063
4.009
3.75
3.895
4.024
4.058
3.991
3.899
3.882
4.055
4.008
3.982
4.02
4.05
4.033
3.873
4.042
4.065
4.022
3.969
4.044
4.05
4.024
4.012
3.889
3.877
4.011
3.977
4.038
3.871
3.897
4.018
3.902
4.035
4.036
3.996
4.028
3.9
4.008
4.066
4.015
4.049
4.023
3.788
4.007
3.915
3.863
3.879
3.898
3.906
4.04
3.984
4.027
4.025
4.03
4.056
3.903
4.076
4.057
3.979
3.91
3.914
4.061
4.031
3.932
3.666
3.895
3.987
4.044
4.027
3.916
4.045
4.035
4.061
3.696
3.877
3.878
3.393
3.868
3.929
3.859
3.887
